Sour=USB
Res=640x480
Bri=84.64285714285714
Con=6.285714285714286
Fram=0.8
Exp=0.8
Sat=0.0
Sha=9.0
